image: corner6.pgm
resolution: 0.050000
origin: [-0.40,-0.575, 0.000000]
negate: 0
occupied_thresh: 0.9
free_thresh: 0.1
